0 0.07210031347962383 0.22769953051643194 0.14420062695924765 0.17370892018779344
0 0.16614420062695925 0.4835680751173709 0.15673981191222572 0.24413145539906103
0 0.34796238244514105 0.5258215962441315 0.11912225705329153 0.30985915492957744
0 0.5846394984326019 0.9248826291079812 0.11598746081504702 0.15023474178403756
0 0.4890282131661442 0.9413145539906104 0.10031347962382445 0.11737089201877934
0 0.23981191222570533 0.9061032863849765 0.20376175548589343 0.18779342723004694
0 0.16300940438871472 0.7652582159624414 0.16300940438871472 0.27230046948356806
0 0.0987460815047022 0.5610328638497653 0.19122257053291536 0.2300469483568075
0 0.061128526645768025 0.715962441314554 0.12225705329153605 0.14553990610328638
0 0.047021943573667714 0.8403755868544601 0.09404388714733543 0.12206572769953052
0 0.029780564263322883 0.9366197183098591 0.05956112852664577 0.1267605633802817
0 0.5 0.5 1.0 1.0
0 0.9639498432601881 0.7746478873239436 0.07210031347962383 0.3568075117370892
