1 0.09398496240601503 0.2606837606837607 0.15789473684210525 0.24786324786324787
1 0.23809523809523808 0.19658119658119658 0.15538847117794485 0.28205128205128205
1 0.45864661654135336 0.13247863247863248 0.14536340852130325 0.20512820512820512
1 0.5075187969924813 0.4230769230769231 0.14285714285714285 0.23076923076923078
1 0.7531328320802005 0.8354700854700855 0.11278195488721804 0.2606837606837607
1 0.8809523809523809 0.8547008547008547 0.15789473684210525 0.23931623931623933
1 0.9223057644110275 0.5897435897435898 0.13032581453634084 0.27350427350427353
1 0.8508771929824561 0.5662393162393162 0.09273182957393483 0.31196581196581197
1 0.9323308270676691 0.23931623931623933 0.05513784461152882 0.10256410256410256
1 0.731829573934837 0.5235042735042735 0.12531328320802004 0.2094017094017094
1 0.7944862155388471 0.45085470085470086 0.08521303258145363 0.24358974358974358
1 0.6578947368421053 0.3247863247863248 0.11779448621553884 0.2564102564102564
1 0.5864661654135338 0.25427350427350426 0.13533834586466165 0.2094017094017094
1 0.5225563909774437 0.17094017094017094 0.14285714285714285 0.17094017094017094
1 0.6779448621553885 0.14316239316239315 0.15288220551378445 0.14957264957264957
